0.04999999999999999
0.0581559021277134
0.06764217904576361
0.07867583888581389
0.09150928772118283
0.10643610360979754
0.12379775248773098
0.14399139954614742
0.16747899478476452
0.1947978405830118
0.2265728830327111
0.2635310082088841
0.30651767042027
0.35651623282751876
0.41467046286516535
0.4823106970728035
0.5609842738823038
0.6524909305417126
0.7589239739160898
0.8827181669887888
1.0267054265150917
1.1941796059680785
1.3889718457518185
1.6155382143938444
1.8790616455973859
2.185570503066033
2.5420764853905116
2.956735025710646
3.4390318554562103
4
