19.9203187250996
58.13953488372093
50.505050505050505
37.878787878787875
83.33333333333333
22.321428571428573
29.940119760479043
23.474178403755868
37.878787878787875
9.293680297397769
20.491803278688526
3.9556962025316458
7.092198581560283
4.651162790697675
4.476275738585497
52.083333333333336
121.95121951219512
135.13513513513513
96.15384615384616
172.41379310344828
45.04504504504504
81.9672131147541
113.63636363636364
192.30769230769232
78.125
34.72222222222222
21.27659574468085
10.940919037199125
7.142857142857143
4.476275738585497
75.75757575757575
84.7457627118644
57.47126436781609
119.04761904761905
200
106.38297872340425
135.13513513513513
131.57894736842104
84.7457627118644
80.64516129032258
15.97444089456869
6.002400960384153
14.204545454545455
7.385524372230428
4.476275738585497
128.2051282051282
121.95121951219512
172.41379310344828
208.33333333333334
142.85714285714286
208.33333333333334
147.05882352941177
113.63636363636364
106.38297872340425
40.32258064516129
33.557046979865774
4.716981132075472
13.368983957219251
8.517887563884157
4.476275738585497
34.96503496503497
75.75757575757575
131.57894736842104
121.95121951219512
217.3913043478261
21.73913043478261
87.71929824561404
161.29032258064515
69.44444444444444
46.2962962962963
35.46099290780142
26.881720430107528
8.460236886632826
7.032348804500703
4.476275738585497
104.16666666666667
104.16666666666667
53.763440860215056
96.15384615384616
200
14.492753623188406
83.33333333333333
20.66115702479339
41.32231404958678
49.01960784313726
25
6.289308176100629
23.58490566037736
17.006802721088434
4.476275738585497
27.624309392265193
98.03921568627452
56.81818181818182
52.63157894736842
172.41379310344828
64.93506493506493
49.504950495049506
192.30769230769232
39.0625
116.27906976744185
54.34782608695652
5.387931034482759
3.4246575342465753
4.748338081671415
4.476275738585497
111.11111111111111
128.2051282051282
48.54368932038835
47.61904761904762
200
30.48780487804878
89.28571428571429
208.33333333333334
58.13953488372093
71.42857142857143
67.56756756756756
32.89473684210526
16.835016835016834
9.920634920634921
4.476275738585497
11.682242990654206
90.9090909090909
200
131.57894736842104
166.66666666666666
14.367816091954023
111.11111111111111
161.29032258064515
23.364485981308412
81.9672131147541
60.24096385542169
5.518763796909492
11.235955056179776
22.624434389140273
4.476275738585497
75.75757575757575
67.56756756756756
22.42152466367713
89.28571428571429
172.41379310344828
22.123893805309734
67.56756756756756
33.333333333333336
38.16793893129771
49.01960784313726
74.6268656716418
13.26259946949602
14.925373134328359
10.660980810234541
4.476275738585497
3.8669760247486464
25.77319587628866
18.796992481203006
13.089005235602095
12.31527093596059
28.571428571428573
15.772870662460567
24.154589371980677
13.404825737265416
14.534883720930232
25.510204081632654
21.1864406779661
3.9968025579536373
60.24096385542169
40.98360655737705
9.22509225092251
21.367521367521366
21.008403361344538
24.03846153846154
8.064516129032258
19.53125
33.78378378378378
35.714285714285715
14.662756598240469
27.77777777777778
38.75968992248062
19.23076923076923
13.736263736263735
27.932960893854748
4.205214465937763
17.301038062283737
14.124293785310735
21.008403361344538
11.26126126126126
22.42152466367713
27.47252747252747
30.48780487804878
19.607843137254903
11.764705882352942
45.45454545454545
19.841269841269842
28.735632183908045
13.58695652173913
12.690355329949238
19.23076923076923
7.874015748031496
13.966480446927374
12.048192771084338
33.11258278145695
30.67484662576687
27.77777777777778
25
25.906735751295336
26.31578947368421
24.50980392156863
34.24657534246575
27.77777777777778
11.26126126126126
28.40909090909091
15.24390243902439
10.70663811563169
4.62962962962963
17.921146953405017
18.51851851851852
17.793594306049823
20.161290322580644
18.65671641791045
35.97122302158273
30.67484662576687
21.1864406779661
26.041666666666668
15.290519877675841
10.060362173038229
24.271844660194176
33.11258278145695
10.02004008016032
9.293680297397769
28.571428571428573
23.80952380952381
24.271844660194176
31.25
43.10344827586207
26.31578947368421
20.833333333333332
36.231884057971016
28.089887640449437
18.181818181818183
14.925373134328359
11.52073732718894
7.530120481927711
5.376344086021505
14.534883720930232
21.645021645021647
29.41176470588235
28.735632183908045
37.59398496240601
14.367816091954023
51.54639175257732
34.72222222222222
53.763440860215056
14.044943820224718
30.864197530864196
4.219409282700422
12.853470437017995
12.077294685990339
21.645021645021647
11.600928074245939
25
34.96503496503497
9.633911368015415
23.25581395348837
28.90173410404624
39.0625
20.92050209205021
27.027027027027028
48.54368932038835
23.364485981308412
5.2356020942408374
6.157635467980295
9.416195856873824
14.164305949008499
20.080321285140563
28.571428571428573
10.615711252653927
9.487666034155598
13.774104683195592
31.645569620253166
33.333333333333336
15.151515151515152
15.527950310559007
51.02040816326531
32.89473684210526
6.993006993006993
34.24657534246575
21.83406113537118
4.911591355599215
24.752475247524753
11.764705882352942
43.47826086956522
12.31527093596059
47.16981132075472
15.625
30.120481927710845
24.271844660194176
37.59398496240601
25.906735751295336
31.645569620253166
6.337135614702155
21.92982456140351
9.784735812133073
4.306632213608958
4.476275738585497
4.035512510088782
13.88888888888889
3.57653791130186
4.058441558441558
5.720823798627002
6.418485237483954
16.666666666666668
32.05128205128205
14.124293785310735
12.72264631043257
27.3224043715847
20.74688796680498
5.1440329218107
11.086474501108647
10.482180293501049
11.210762331838565
5.411255411255412
8.710801393728223
4.035512510088782
12.31527093596059
21.367521367521366
53.191489361702125
70.4225352112676
102.04081632653062
128.2051282051282
185.1851851851852
17.6056338028169
5.72737686139748
4.496402877697841
3.717472118959108
5.73394495412844
7.598784194528875
8.650519031141869
6.622516556291391
14.662756598240469
25.77319587628866
40
62.5
116.27906976744185
45.45454545454545
263.1578947368421
23.25581395348837
7.788161993769471
2.7292576419213974
4.378283712784588
8.928571428571429
7.9113924050632916
9.652509652509652
7.530120481927711
25.252525252525253
11.764705882352942
33.557046979865774
86.20689655172414
161.29032258064515
84.7457627118644
166.66666666666666
12.376237623762377
30.48780487804878
4.970178926441352
3.665689149560117
4.761904761904762
8.80281690140845
6.915629322268327
4.780114722753346
24.63054187192118
15.723270440251572
50.505050505050505
86.20689655172414
156.25
46.2962962962963
58.13953488372093
44.642857142857146
9.157509157509157
8.012820512820513
5.931198102016608
5.324813631522897
8.517887563884157
3.665689149560117
8.333333333333334
8.976660682226212
10.59322033898305
18.181818181818183
100
142.85714285714286
128.2051282051282
69.44444444444444
86.20689655172414
17.793594306049823
3.342245989304813
4.081632653061225
3.7650602409638556
5.707762557077626
3.927729772191673
13.404825737265416
15.384615384615385
15.822784810126583
46.728971962616825
44.642857142857146
156.25
208.33333333333334
294.11764705882354
43.47826086956522
4.803073967339097
5.05050505050505
7.836990595611285
3.965107057890563
13.368983957219251
7.288629737609329
6.305170239596469
22.22222222222222
15.772870662460567
50
34.24657534246575
125
128.2051282051282
217.3913043478261
113.63636363636364
6.242197253433209
3.7993920972644375
6.802721088435374
3.348961821835231
4.677268475210477
9.242144177449168
3.360215053763441
16.025641025641026
49.504950495049506
19.083969465648856
78.125
98.03921568627452
172.41379310344828
64.1025641025641
14.245014245014245
7.987220447284345
2.972651605231867
3.6845983787767134
5.4945054945054945
7.092198581560283
9.727626459143968
4.460303300624442
6.20347394540943
6.684491978609626
17.006802721088434
35.714285714285715
52.63157894736842
36.231884057971016
33.11258278145695
32.89473684210526
21.459227467811157
5.291005291005291
11.286681715575622
6.87757909215956
11.547344110854503
42.73504273504273
7.751937984496124
41.666666666666664
42.73504273504273
27.3224043715847
73.52941176470588
24.154589371980677
36.231884057971016
30.864197530864196
12.853470437017995
42.3728813559322
6.944444444444445
4.8732943469785575
3.7230081906180192
17.6678445229682
60.24096385542169
62.5
86.20689655172414
104.16666666666667
119.04761904761905
121.95121951219512
83.33333333333333
54.94505494505494
66.66666666666667
6.451612903225806
29.239766081871345
14.749262536873156
28.90173410404624
46.2962962962963
31.055900621118013
33.11258278145695
80.64516129032258
70.4225352112676
138.88888888888889
121.95121951219512
96.15384615384616
83.33333333333333
83.33333333333333
48.07692307692308
14.285714285714286
22.624434389140273
3.2552083333333335
37.59398496240601
30.67484662576687
15.105740181268882
16.611295681063122
28.90173410404624
66.66666666666667
113.63636363636364
94.33962264150944
29.41176470588235
64.93506493506493
73.52941176470588
41.32231404958678
43.10344827586207
30.67484662576687
3.8940809968847354
11.904761904761905
31.25
14.970059880239521
8.928571428571429
18.115942028985508
84.7457627118644
60.97560975609756
116.27906976744185
119.04761904761905
26.31578947368421
32.89473684210526
32.89473684210526
26.881720430107528
33.557046979865774
4.016064257028113
22.321428571428573
3.6153289949385394
7.473841554559043
53.763440860215056
19.607843137254903
35.97122302158273
53.763440860215056
14.044943820224718
90.9090909090909
51.02040816326531
19.841269841269842
34.01360544217687
40
9.124087591240876
13.477088948787062
15.015015015015015
44.642857142857146
23.696682464454977
72.46376811594203
63.29113924050633
17.064846416382252
125
113.63636363636364
80.64516129032258
41.666666666666664
70.4225352112676
41.666666666666664
48.07692307692308
24.154589371980677
16.233766233766232
15.92356687898089
18.51851851851852
9.25925925925926
90.9090909090909
45.04504504504504
87.71929824561404
75.75757575757575
57.47126436781609
62.5
43.47826086956522
46.2962962962963
27.17391304347826
25.510204081632654
21.367521367521366
4.681647940074907
13.513513513513514
14.245014245014245
7.861635220125786
65.78947368421052
166.66666666666666
87.71929824561404
94.33962264150944
73.52941176470588
128.2051282051282
24.50980392156863
31.055900621118013
72.46376811594203
33.11258278145695
33.557046979865774
7.163323782234957
12.5
5.555555555555555
8.726003490401396
9.803921568627452
58.13953488372093
54.34782608695652
72.46376811594203
34.72222222222222
96.15384615384616
23.923444976076556
56.17977528089887
62.5
79.36507936507937
34.48275862068966
