13.192612137203167
24.875621890547265
36.231884057971016
79.36507936507937
102.04081632653062
86.20689655172414
90.9090909090909
104.16666666666667
294.11764705882354
178.57142857142858
357.14285714285717
625
714.2857142857143
1250
1250
1666.6666666666667
1666.6666666666667
1666.6666666666667
1666.6666666666667
1666.6666666666667
1666.6666666666667
312.5
113.63636363636364
36.76470588235294
3.315649867374005
0
0
0
0
0
32.6797385620915
42.016806722689076
68.4931506849315
111.11111111111111
100
116.27906976744185
208.33333333333334
250
238.0952380952381
312.5
500
833.3333333333334
1e3
1250
1666.6666666666667
2500
5e3
2500
1666.6666666666667
1250
1666.6666666666667
1250
217.3913043478261
26.595744680851062
3.315649867374005
0
0
0
0
0
40.98360655737705
52.63157894736842
30.303030303030305
60.97560975609756
98.03921568627452
49.504950495049506
135.13513513513513
185.1851851851852
263.1578947368421
357.14285714285717
555.5555555555555
833.3333333333334
1e3
1250
1666.6666666666667
2500
5e3
2500
1666.6666666666667
1250
1666.6666666666667
1666.6666666666667
263.1578947368421
21.367521367521366
3.315649867374005
0
0
0
0
0
46.2962962962963
47.61904761904762
63.29113924050633
83.33333333333333
102.04081632653062
125
121.95121951219512
166.66666666666666
312.5
384.61538461538464
384.61538461538464
833.3333333333334
833.3333333333334
1250
1666.6666666666667
2500
5e3
2500
1250
1250
1666.6666666666667
1666.6666666666667
250
9.293680297397769
3.315649867374005
0
0
0
0
0
23.80952380952381
60.24096385542169
38.46153846153846
37.03703703703704
113.63636363636364
84.7457627118644
116.27906976744185
185.1851851851852
263.1578947368421
416.6666666666667
500
555.5555555555555
1e3
1250
1666.6666666666667
2500
5e3
2500
1666.6666666666667
1666.6666666666667
1666.6666666666667
1e3
119.04761904761905
28.40909090909091
3.315649867374005
0
0
0
0
0
23.58490566037736
35.714285714285715
42.016806722689076
80.64516129032258
100
142.85714285714286
151.5151515151515
172.41379310344828
333.3333333333333
357.14285714285717
555.5555555555555
833.3333333333334
1e3
1250
1666.6666666666667
2500
5e3
2500
1666.6666666666667
1666.6666666666667
2500
1250
200
9.293680297397769
3.315649867374005
0
0
0
0
0
30.67484662576687
59.523809523809526
33.11258278145695
70.4225352112676
89.28571428571429
92.5925925925926
151.5151515151515
156.25
200
416.6666666666667
555.5555555555555
714.2857142857143
1e3
1250
1666.6666666666667
2500
5e3
2500
1666.6666666666667
1250
1666.6666666666667
1666.6666666666667
238.0952380952381
6.369426751592357
3.315649867374005
0
0
0
0
0
22.52252252252252
49.01960784313726
60.97560975609756
51.02040816326531
74.6268656716418
96.15384615384616
172.41379310344828
238.0952380952381
312.5
416.6666666666667
555.5555555555555
714.2857142857143
1e3
1250
1666.6666666666667
2500
5e3
2500
1666.6666666666667
1250
1666.6666666666667
1666.6666666666667
227.27272727272728
35.97122302158273
3.315649867374005
0
0
0
0
0
25
29.585798816568047
23.696682464454977
89.28571428571429
89.28571428571429
172.41379310344828
185.1851851851852
161.29032258064515
277.77777777777777
333.3333333333333
357.14285714285717
714.2857142857143
1e3
1250
1666.6666666666667
2500
5e3
1666.6666666666667
1666.6666666666667
1666.6666666666667
1666.6666666666667
384.61538461538464
90.9090909090909
10.638297872340425
3.315649867374005
0
0
0
0
0
11.933174224343675
27.47252747252747
40.98360655737705
49.504950495049506
90.9090909090909
96.15384615384616
151.5151515151515
166.66666666666666
250
416.6666666666667
454.54545454545456
555.5555555555555
1e3
1250
1666.6666666666667
2500
5e3
1666.6666666666667
1666.6666666666667
1666.6666666666667
1666.6666666666667
1e3
100
7.886435331230284
3.315649867374005
0
0
0
0
0
64.93506493506493
86.20689655172414
56.81818181818182
40
98.03921568627452
138.88888888888889
121.95121951219512
172.41379310344828
68.4931506849315
238.0952380952381
227.27272727272728
263.1578947368421
312.5
178.57142857142858
277.77777777777777
312.5
263.1578947368421
500
625
714.2857142857143
625
555.5555555555555
500
454.54545454545456
454.54545454545456
238.0952380952381
49.504950495049506
100
50.505050505050505
16.44736842105263
27.77777777777778
60.97560975609756
89.28571428571429
113.63636363636364
131.57894736842104
76.92307692307692
111.11111111111111
125
116.27906976744185
200
238.0952380952381
192.30769230769232
277.77777777777777
357.14285714285717
454.54545454545456
555.5555555555555
555.5555555555555
625
714.2857142857143
833.3333333333334
714.2857142857143
1e3
714.2857142857143
625
555.5555555555555
238.0952380952381
135.13513513513513
138.88888888888889
40.98360655737705
8.474576271186441
54.94505494505494
73.52941176470588
56.17977528089887
42.73504273504273
138.88888888888889
74.6268656716418
172.41379310344828
161.29032258064515
161.29032258064515
238.0952380952381
227.27272727272728
238.0952380952381
384.61538461538464
416.6666666666667
555.5555555555555
625
625
625
625
833.3333333333334
1e3
714.2857142857143
714.2857142857143
625
500
416.6666666666667
166.66666666666666
108.69565217391305
49.504950495049506
16.949152542372882
83.33333333333333
54.94505494505494
96.15384615384616
80.64516129032258
113.63636363636364
166.66666666666666
142.85714285714286
121.95121951219512
227.27272727272728
208.33333333333334
166.66666666666666
384.61538461538464
333.3333333333333
333.3333333333333
416.6666666666667
416.6666666666667
500
714.2857142857143
833.3333333333334
833.3333333333334
833.3333333333334
833.3333333333334
833.3333333333334
714.2857142857143
384.61538461538464
357.14285714285717
172.41379310344828
121.95121951219512
61.72839506172839
9.398496240601503
30.48780487804878
52.63157894736842
86.20689655172414
119.04761904761905
113.63636363636364
142.85714285714286
128.2051282051282
185.1851851851852
166.66666666666666
227.27272727272728
277.77777777777777
200
333.3333333333333
263.1578947368421
384.61538461538464
416.6666666666667
625
625
625
714.2857142857143
714.2857142857143
714.2857142857143
625
833.3333333333334
500
333.3333333333333
119.04761904761905
121.95121951219512
63.29113924050633
26.041666666666668
31.446540880503143
75.75757575757575
104.16666666666667
78.125
104.16666666666667
172.41379310344828
100
185.1851851851852
98.03921568627452
250
294.11764705882354
312.5
277.77777777777777
312.5
384.61538461538464
500
714.2857142857143
555.5555555555555
625
833.3333333333334
833.3333333333334
833.3333333333334
833.3333333333334
625
555.5555555555555
250
250
75.75757575757575
55.55555555555556
21.09704641350211
74.6268656716418
48.54368932038835
113.63636363636364
104.16666666666667
161.29032258064515
128.2051282051282
131.57894736842104
178.57142857142858
217.3913043478261
294.11764705882354
277.77777777777777
294.11764705882354
357.14285714285717
384.61538461538464
500
555.5555555555555
625
833.3333333333334
833.3333333333334
833.3333333333334
1e3
833.3333333333334
1e3
833.3333333333334
555.5555555555555
250
131.57894736842104
104.16666666666667
53.191489361702125
11.737089201877934
46.2962962962963
43.85964912280702
60.97560975609756
94.33962264150944
81.9672131147541
156.25
100
147.05882352941177
121.95121951219512
227.27272727272728
294.11764705882354
312.5
416.6666666666667
333.3333333333333
384.61538461538464
555.5555555555555
555.5555555555555
625
625
1e3
833.3333333333334
833.3333333333334
833.3333333333334
714.2857142857143
555.5555555555555
263.1578947368421
192.30769230769232
172.41379310344828
43.85964912280702
17.793594306049823
52.083333333333336
81.9672131147541
72.46376811594203
47.61904761904762
113.63636363636364
96.15384615384616
156.25
208.33333333333334
172.41379310344828
217.3913043478261
192.30769230769232
208.33333333333334
357.14285714285717
238.0952380952381
333.3333333333333
500
416.6666666666667
555.5555555555555
625
714.2857142857143
714.2857142857143
714.2857142857143
833.3333333333334
555.5555555555555
454.54545454545456
217.3913043478261
161.29032258064515
111.11111111111111
41.666666666666664
43.10344827586207
39.37007874015748
34.48275862068966
108.69565217391305
131.57894736842104
151.5151515151515
185.1851851851852
34.72222222222222
200
106.38297872340425
200
200
238.0952380952381
384.61538461538464
263.1578947368421
333.3333333333333
555.5555555555555
454.54545454545456
833.3333333333334
714.2857142857143
833.3333333333334
833.3333333333334
714.2857142857143
555.5555555555555
714.2857142857143
555.5555555555555
384.61538461538464
200
86.20689655172414
45.45454545454545
16.077170418006432
59.523809523809526
25.906735751295336
53.763440860215056
46.728971962616825
92.5925925925926
84.7457627118644
98.03921568627452
121.95121951219512
135.13513513513513
172.41379310344828
125
178.57142857142858
147.05882352941177
119.04761904761905
200
178.57142857142858
238.0952380952381
185.1851851851852
227.27272727272728
178.57142857142858
156.25
172.41379310344828
84.7457627118644
86.20689655172414
100
45.45454545454545
61.72839506172839
15.576323987538942
3.8109756097560976
12.987012987012987
32.25806451612903
45.87155963302752
94.33962264150944
108.69565217391305
59.523809523809526
67.56756756756756
104.16666666666667
156.25
102.04081632653062
92.5925925925926
151.5151515151515
161.29032258064515
294.11764705882354
200
263.1578947368421
294.11764705882354
333.3333333333333
250
357.14285714285717
227.27272727272728
384.61538461538464
161.29032258064515
263.1578947368421
294.11764705882354
312.5
135.13513513513513
87.71929824561404
96.15384615384616
31.84713375796178
22.321428571428573
58.13953488372093
32.25806451612903
83.33333333333333
73.52941176470588
98.03921568627452
121.95121951219512
119.04761904761905
111.11111111111111
113.63636363636364
151.5151515151515
238.0952380952381
192.30769230769232
116.27906976744185
227.27272727272728
227.27272727272728
294.11764705882354
333.3333333333333
454.54545454545456
357.14285714285717
312.5
416.6666666666667
357.14285714285717
208.33333333333334
333.3333333333333
277.77777777777777
79.36507936507937
106.38297872340425
40
10.02004008016032
14.749262536873156
51.54639175257732
28.40909090909091
92.5925925925926
56.81818181818182
43.85964912280702
116.27906976744185
113.63636363636364
142.85714285714286
90.9090909090909
161.29032258064515
135.13513513513513
208.33333333333334
161.29032258064515
208.33333333333334
192.30769230769232
294.11764705882354
294.11764705882354
312.5
277.77777777777777
263.1578947368421
294.11764705882354
416.6666666666667
357.14285714285717
333.3333333333333
185.1851851851852
56.17977528089887
81.9672131147541
119.04761904761905
37.878787878787875
17.482517482517483
43.85964912280702
72.46376811594203
24.271844660194176
79.36507936507937
100
92.5925925925926
121.95121951219512
78.125
119.04761904761905
142.85714285714286
208.33333333333334
178.57142857142858
75.75757575757575
172.41379310344828
200
185.1851851851852
208.33333333333334
166.66666666666666
333.3333333333333
200
172.41379310344828
116.27906976744185
30.864197530864196
192.30769230769232
161.29032258064515
36.231884057971016
56.17977528089887
7.112375533428165
4.058441558441558
17.123287671232877
30.48780487804878
36.231884057971016
61.72839506172839
89.28571428571429
98.03921568627452
104.16666666666667
106.38297872340425
142.85714285714286
104.16666666666667
166.66666666666666
119.04761904761905
217.3913043478261
227.27272727272728
238.0952380952381
227.27272727272728
227.27272727272728
333.3333333333333
238.0952380952381
384.61538461538464
250
294.11764705882354
357.14285714285717
147.05882352941177
217.3913043478261
277.77777777777777
121.95121951219512
80.64516129032258
74.6268656716418
43.10344827586207
42.016806722689076
44.642857142857146
47.16981132075472
63.29113924050633
30.864197530864196
71.42857142857143
106.38297872340425
98.03921568627452
119.04761904761905
121.95121951219512
200
208.33333333333334
142.85714285714286
208.33333333333334
277.77777777777777
172.41379310344828
333.3333333333333
333.3333333333333
312.5
416.6666666666667
294.11764705882354
357.14285714285717
416.6666666666667
142.85714285714286
250
142.85714285714286
50.505050505050505
172.41379310344828
37.878787878787875
32.25806451612903
5.0352467270896275
15.92356687898089
57.47126436781609
59.523809523809526
94.33962264150944
66.66666666666667
41.32231404958678
92.5925925925926
92.5925925925926
116.27906976744185
172.41379310344828
185.1851851851852
208.33333333333334
277.77777777777777
200
227.27272727272728
263.1578947368421
312.5
333.3333333333333
312.5
277.77777777777777
277.77777777777777
142.85714285714286
30.864197530864196
100
166.66666666666666
98.03921568627452
69.44444444444444
29.761904761904763
12.195121951219512
14.836795252225519
55.55555555555556
27.624309392265193
86.20689655172414
54.94505494505494
104.16666666666667
92.5925925925926
151.5151515151515
128.2051282051282
142.85714285714286
185.1851851851852
217.3913043478261
217.3913043478261
166.66666666666666
208.33333333333334
238.0952380952381
161.29032258064515
250
147.05882352941177
277.77777777777777
96.15384615384616
92.5925925925926
80.64516129032258
27.932960893854748
135.13513513513513
68.4931506849315
43.85964912280702
41.666666666666664
7.751937984496124
3.190810465858328
6.211180124223603
76.92307692307692
98.03921568627452
92.5925925925926
57.47126436781609
98.03921568627452
87.71929824561404
94.33962264150944
131.57894736842104
156.25
94.33962264150944
172.41379310344828
185.1851851851852
227.27272727272728
227.27272727272728
277.77777777777777
294.11764705882354
333.3333333333333
147.05882352941177
333.3333333333333
185.1851851851852
65.78947368421052
52.083333333333336
23.04147465437788
43.10344827586207
135.13513513513513
67.56756756756756
34.72222222222222
6.993006993006993
3.8255547054322876
18.587360594795538
26.881720430107528
8.576329331046312
27.624309392265193
37.3134328358209
34.01360544217687
38.75968992248062
50.505050505050505
83.33333333333333
83.33333333333333
39.0625
29.239766081871345
81.9672131147541
17.421602787456447
94.33962264150944
106.38297872340425
96.15384615384616
90.9090909090909
135.13513513513513
58.8235294117647
100
65.78947368421052
161.29032258064515
42.016806722689076
135.13513513513513
78.125
106.38297872340425
25.510204081632654
62.5
58.13953488372093
39.0625
25
12.853470437017995
12.254901960784315
25.510204081632654
17.24137931034483
31.25
4.1459369817578775
36.231884057971016
76.92307692307692
64.1025641025641
47.61904761904762
113.63636363636364
96.15384615384616
106.38297872340425
142.85714285714286
92.5925925925926
96.15384615384616
178.57142857142858
116.27906976744185
151.5151515151515
125
172.41379310344828
119.04761904761905
104.16666666666667
138.88888888888889
78.125
15.432098765432098
34.96503496503497
102.04081632653062
27.77777777777778
17.73049645390071
7.062146892655368
10.1010101010101
84.7457627118644
38.16793893129771
68.4931506849315
36.496350364963504
26.455026455026456
100
81.9672131147541
89.28571428571429
21.09704641350211
81.9672131147541
192.30769230769232
9.784735812133073
185.1851851851852
151.5151515151515
63.29113924050633
135.13513513513513
125
125
121.95121951219512
43.10344827586207
14.245014245014245
87.71929824561404
61.72839506172839
74.6268656716418
39.0625
40.98360655737705
58.8235294117647
22.42152466367713
58.8235294117647
12.468827930174564
30.120481927710845
53.763440860215056
42.73504273504273
41.32231404958678
33.333333333333336
33.11258278145695
100
128.2051282051282
96.15384615384616
102.04081632653062
100
98.03921568627452
119.04761904761905
89.28571428571429
78.125
94.33962264150944
104.16666666666667
106.38297872340425
61.72839506172839
73.52941176470588
96.15384615384616
102.04081632653062
106.38297872340425
35.46099290780142
27.932960893854748
36.231884057971016
30.864197530864196
19.37984496124031
12.048192771084338
52.63157894736842
8.635578583765112
58.13953488372093
20.833333333333332
28.571428571428573
37.59398496240601
84.7457627118644
70.4225352112676
76.92307692307692
61.72839506172839
73.52941176470588
83.33333333333333
119.04761904761905
50
111.11111111111111
125
151.5151515151515
151.5151515151515
53.191489361702125
128.2051282051282
61.72839506172839
35.714285714285715
100
81.9672131147541
39.37007874015748
48.54368932038835
38.16793893129771
58.13953488372093
5.197505197505198
37.3134328358209
45.87155963302752
9.82318271119843
30.864197530864196
10.183299389002036
49.01960784313726
41.666666666666664
78.125
59.523809523809526
76.92307692307692
151.5151515151515
102.04081632653062
86.20689655172414
113.63636363636364
151.5151515151515
111.11111111111111
119.04761904761905
116.27906976744185
138.88888888888889
90.9090909090909
128.2051282051282
106.38297872340425
116.27906976744185
80.64516129032258
43.10344827586207
38.16793893129771
52.083333333333336
47.16981132075472
12.345679012345679
28.089887640449437
51.54639175257732
21.367521367521366
8.012820512820513
18.181818181818183
54.34782608695652
43.10344827586207
72.46376811594203
65.78947368421052
60.97560975609756
104.16666666666667
128.2051282051282
92.5925925925926
125
51.02040816326531
161.29032258064515
135.13513513513513
102.04081632653062
106.38297872340425
74.6268656716418
121.95121951219512
121.95121951219512
96.15384615384616
75.75757575757575
80.64516129032258
64.1025641025641
56.81818181818182
58.13953488372093
41.666666666666664
28.40909090909091
5.555555555555555
5.2356020942408374
5.025125628140704
25
25.12562814070352
86.20689655172414
25.380710659898476
7.763975155279503
89.28571428571429
64.93506493506493
87.71929824561404
12.468827930174564
96.15384615384616
18.248175182481752
35.46099290780142
135.13513513513513
131.57894736842104
128.2051282051282
78.125
121.95121951219512
48.07692307692308
111.11111111111111
60.24096385542169
75.75757575757575
104.16666666666667
69.44444444444444
56.81818181818182
50.505050505050505
33.78378378378378
6.418485237483954
3.4989503149055285
5.107252298263535
16.722408026755854
8.771929824561404
17.18213058419244
10.460251046025105
28.571428571428573
18.796992481203006
10.660980810234541
89.28571428571429
61.72839506172839
135.13513513513513
111.11111111111111
74.6268656716418
116.27906976744185
45.04504504504504
172.41379310344828
102.04081632653062
125
192.30769230769232
63.29113924050633
178.57142857142858
90.9090909090909
89.28571428571429
102.04081632653062
84.7457627118644
116.27906976744185
102.04081632653062
39.37007874015748
33.78378378378378
20.5761316872428
51.54639175257732
61.72839506172839
25.380710659898476
19.455252918287936
60.97560975609756
43.47826086956522
72.46376811594203
79.36507936507937
60.97560975609756
21.83406113537118
138.88888888888889
116.27906976744185
108.69565217391305
116.27906976744185
142.85714285714286
131.57894736842104
75.75757575757575
125
89.28571428571429
131.57894736842104
108.69565217391305
113.63636363636364
121.95121951219512
58.8235294117647
27.47252747252747
72.46376811594203
23.80952380952381
32.05128205128205
12.345679012345679
