784.9726465648463,-0.0273534351536773,0.010416666666666666
797.9859851207979,-0.014014879202190463,0.010416666666666666
810.9984813246422,-0.0015186753578684542,0.010416666666666666
824.0099498764839,0.009949876483918003,0.010416666666666666
836.9972357713609,-0.0027642286390810802,0.010416666666666666
849.9951593371054,-0.004840662894646325,0.010416666666666666
862.9952834117175,-0.004716588282514856,0.010416666666666666
875.9958169555632,-0.0041830444367319634,0.010416666666666666
888.9793257440826,-0.020674255917410143,0.010416666666666666
901.9935871689356,-0.00641283106435359,0.010416666666666666
914.9980247620391,-0.001975237960857131,0.010416666666666666
927.9945099594289,-0.005490040571081543,0.010416666666666666
941.041639208285,0.04163920828505269,0.010416666666666666
954.00151351065,0.0015135106500113755,0.010416666666666666
967.0192833690415,0.01928336904151017,0.010416666666666666
980.0166150190139,0.016615019013872058,0.010416666666666666
993.0308509050434,0.030850905043341273,0.010416666666666666
1006.0187686855343,0.018768685534312386,0.010416666666666666
1018.9999796055333,-2039446663813175e-20,0.010416666666666666
1032.0027934800137,0.0027934800137447927,0.010416666666666666
1044.9878456764068,-0.012154323593139253,0.010416666666666666
1057.9870509899702,-0.01294901002985307,0.010416666666666666
1070.9858626993505,-0.014137300649411785,0.010416666666666666
1083.9860630797184,-0.013936920281550988,0.010416666666666666
1096.987230708489,-0.012769291510966754,0.010416666666666666
1109.9858694887937,-0.014130511206384902,0.010416666666666666
1122.9759825989984,-0.024017401001522408,0.010416666666666666
1135.964663819362,-0.035336180638031914,0.010416666666666666
1148.9917375630666,-0.008262436933431752,0.010416666666666666
1161.976243030652,-0.023756969347810995,0.010416666666666666
1174.999845716583,-0.00015428341709003142,0.010416666666666666
1187.9720595642286,-0.027940435771316847,0.010416666666666666
1201.0125878023,0.01258780229994795,0.010416666666666666
1214.034081801773,0.03408180177304662,0.010416666666666666
1227.0073958290836,0.0073958290837242285,0.010416666666666666
1240.0195310131646,0.019531013164668657,0.010416666666666666
1253.0323766571723,0.03237665717236972,0.010416666666666666
1266.0355263113418,0.03552631134173446,0.010416666666666666
1279.00790963747,0.0079096374700039,0.010416666666666666
1292.0122147543636,0.012214754363677706,0.010416666666666666
1305.0161924999213,0.01619249992135063,0.010416666666666666
1318.0012293966522,0.0012293966521898705,0.010416666666666666
1330.9841742996048,-0.015825700395283842,0.010416666666666666
1343.9890997201114,-0.010900279888563081,0.010416666666666666
1356.9846298287907,-0.015370171209371605,0.010416666666666666
1369.9769526382522,-0.023047361747868693,0.010416666666666666
1382.9872626785752,-0.01273732142484207,0.010416666666666666
1395.9655133940746,-0.034486605925343514,0.010416666666666666
1408.9615963131798,-0.038403686820284534,0.010416666666666666
1421.9890747278068,-0.01092527219310632,0.010416666666666666
1434.983334290775,-0.01666570922491746,0.010416666666666666
1447.997859297536,-0.0021407024640774748,0.010416666666666666
1460.9869059541752,-0.013094045824899017,0.010416666666666666
1473.9827361340253,-0.01726386597472863,0.010416666666666666
1487.0347143940928,0.034714394092752565,0.010416666666666666
1500.0315168965008,0.031516896500727094,0.010416666666666666
1513.0269908339376,0.026990833937596104,0.010416666666666666
1526.0147573577385,0.014757357738427481,0.010416666666666666
1539.0318221306698,0.03182213066964999,0.010416666666666666
1552.010466755819,0.01046675581885764,0.010416666666666666
1564.9900929729936,-0.00990702700651969,0.010416666666666666
1577.9983590625209,-0.001640937479119549,0.010416666666666666
1591.00143686787,0.0014368678700178578,0.010416666666666666
1603.9696211975875,-0.030378802412560385,0.010416666666666666
1616.9969841225454,-0.0030158774545378537,0.010416666666666666
1630.003153010707,0.003153010706886797,0.010416666666666666
1642.9817700205836,-0.018229979416440476,0.010416666666666666
1655.9491813133895,-0.050818686610356614,0.010416666666666666
1668.9806597494946,-0.01934025050538137,0.010416666666666666
1681.978044815415,-0.021955184585174405,0.010416666666666666
1694.9729176110172,-0.027082388982861,0.010416666666666666
1707.9754429171126,-0.024557082887354753,0.010416666666666666
1720.9929478415654,-0.007052158434562768,0.010416666666666666
1734.0130316816942,0.01303168169418466,0.010416666666666666
1747.0110346541044,0.011034654104288824,0.010416666666666666
1760.0288031929604,0.028803192960375056,0.010416666666666666
1773.0138086198663,0.013808619866186048,0.010416666666666666
1786.010462048704,0.010462048704140251,0.010416666666666666
1799.030678435253,0.030678435253125746,0.010416666666666666
1812.0243731681837,0.024373168183641263,0.010416666666666666
1825.0161676364762,0.01616763647631829,0.010416666666666666
1838.006365734483,0.006365734483011362,0.010416666666666666
1850.991715863696,-0.00828413630391692,0.010416666666666666
1864.0176994152491,0.017699415249047546,0.010416666666666666
1876.9837525045814,-0.01624749541860203,0.010416666666666666
1890.0103540222956,0.0103540222955444,0.010416666666666666
1902.985836266915,-0.014163733085074211,0.010416666666666666
1915.966039519372,-0.03396048062784673,0.010416666666666666
1928.9921366035255,-0.007863396474414412,0.010416666666666666
1941.9851217809567,-0.014878219043439566,0.010416666666666666
1954.9848235565291,-0.015176443470969577,0.010416666666666666
1967.9808450967682,-0.019154903231802255,0.010416666666666666
1980.9907885825867,-0.00921141741322891,0.010416666666666666
1994.0004381969645,0.0004381969645388551,0.010416666666666666
2006.9970212075557,-0.00297879244424542,0.010416666666666666
2020.0053907118643,0.0053907118642388735,0.010416666666666666
2033.024575724635,0.02457572463496534,0.010416666666666666
2045.9868779694864,-0.013122030513689625,0.010416666666666666
2059.0161080156017,0.01610801560182471,0.010416666666666666
2072.0149942360827,0.014994236082540318,0.010416666666666666
2085.031709661107,0.03170966110701112,0.010416666666666666
2098.0094351064968,0.009435106496771827,0.010416666666666666
2111.0032049669053,0.003204966905389811,0.010416666666666666
2123.9990281091414,-0.0009718908585758541,0.010416666666666666
2137.01600022183,0.016000221829764332,0.010416666666666666
2149.9777669949362,-0.022233005063539018,0.010416666666666666
2162.97926573968,-0.020734260319836995,0.010416666666666666
2175.9853923029837,-0.014607697016383928,0.010416666666666666
2188.9992765562197,-0.0007234437801084924,0.010416666666666666
2201.968154876925,-0.03184512307487902,0.010416666666666666
2214.9694716475283,-0.03052835247179306,0.010416666666666666
2227.987970514789,-0.012029485211034648,0.010416666666666666
2240.989952224085,-0.010047775915070077,0.010416666666666666
2253.9984196915,-0.0015803084999169055,0.010416666666666666
2266.9937425615108,-0.006257438489179767,0.010416666666666666
2280.0073133613328,0.007313361332803124,0.010416666666666666
2293.0102498232463,0.010249823246564677,0.010416666666666666
2306.046090330242,0.04609033024201977,0.010416666666666666
2319.005664238083,0.0056642380833063204,0.010416666666666666
2332.024017285527,0.02401728552702211,0.010416666666666666
2345.0184360954636,0.018436095463689003,0.010416666666666666
2358.039984823455,0.03998482345516014,0.010416666666666666
2371.002515032352,0.002515032352349205,0.010416666666666666
2384.011636091012,0.011636091011902577,0.010416666666666666
2397.0162294768065,0.016229476806656373,0.010416666666666666
2410.0070949416468,0.007094941646711162,0.010416666666666666
2422.9991582285643,-0.0008417714355125495,0.010416666666666666
2435.9776986065945,-0.022301393405371614,0.010416666666666666
2448.9875953224473,-0.012404677552896036,0.010416666666666666
2461.9974668921022,-0.002533107897910492,0.010416666666666666
2474.970370625096,-0.029629374903778205,0.010416666666666666
2487.9712454158303,-0.02875458416970588,0.010416666666666666
2500.990161208993,-0.009838791007114281,0.010416666666666666
2513.969393086606,-0.03060691339388056,0.010416666666666666
2526.988304879022,-0.0116951209781291,0.010416666666666666
2540.0013913544008,0.001391354400956001,0.010416666666666666
2553.000794770972,0.0007947709720628766,0.010416666666666666
2566.005411598281,0.005411598281236386,0.010416666666666666
2579.030417538597,0.03041753859656756,0.010416666666666666
2592.0267341130534,0.02673411305319158,0.010416666666666666
2605.0233104223344,0.023310422334158993,0.010416666666666666
2618.0299245309457,0.02992453094583762,0.010416666666666666
2631.0269014155347,0.02690141553444703,0.010416666666666666
2643.98569206676,-0.014307933239999376,0.010416666666666666
2657.0251670982425,0.02516709824259441,0.010416666666666666
2670.0025256557483,0.002525655748272709,0.010416666666666666
2683.006957804667,0.00695780466667448,0.010416666666666666
2695.9584944108205,-0.04150558917929967,0.010416666666666666
2708.9795784931016,-0.02042150689853476,0.010416666666666666
2721.975219710336,-0.02478028966361987,0.010416666666666666
