0.023652514333256318
0.1398555863036976
0.17296489466495762
0.1796328208351905
0.4033302420096969
2.7853024824179844
1.524240421221032
2.6398772425681605
3.0978201319323317
4.5536454805371
2.00743080138402
11.60090019246477
7.220892208960169
0.8940687281343083
8.059461728810943
3.6107119772721235
8.821193123705761
3.084617793310998
10.212432828757077
1.5643651834483785
12.447228068691663
3.876639142637423
9.94910612094254
7.7231937270779
5.034634215539296
4.370185934754018
3.1493237188761594
7.315685179343413
6.935393534152065
9.453454052249336
